seeds: 515785082 87905039 2104518691 503149843 720333403 385234193 1357904101

seed-to-soil map:
2025334497 3876763368 16729580
1877945250 2032519622 95086460
0 679167893 381174930

soil-to-fertilizer map:
0 2341619969 92369762
1167455233 3617741643 38094704
1499102298 1681004272 234557927

fertilizer-to-water map:
152178464 250673346 55422
152233886 237175480 13497866

water-to-light map:
2953662638 2442860750 178173989
1541545030 2734817557 190358536

light-to-temperature map:
70532163 2072528772 6548798
4144686847 1559382043 150280449

temperature-to-humidity map:
2698939019 1899653215 333343198
636293562 2781983613 635230295

humidity-to-location map:
2245504116 1166524785 164267337
2409771453 1729601904 604997365

